588
3819
 487
1033
1985
1043
4656
2258
1364
1878
 449
 906
1607
4745
2386
4944
4412
2531
1497
4746
1225
4241
4826
3587
2849
2515
4397
2295
3679
1438
2013
3471
4024
1751
1324
 455
1440
4734
2941
2117
3643
3835
2947
2530
2533
3588
 929
4801
1748
1652
 382
1863
2089
 948
2945
2081
1388
2498
1215
4485
4868
1968
2791
2369
4076
 196
3695
 731
3535
3726
4670
4546
1340
4837
3878
3621
3103
 850
4673
 471
 942
2551
1279
3020
4949
3698
3767
1625
 500
2672
4934
 745
4772
4288
4327
4446
4424
4562
3098
2508
2060
2913
2245
 437
1176
1940
2993
4389
3508
2914
 266
 272
   0
2967
2413
3054
4476
3800
2907
1018
1286
3461
3130
1450
  55
3864
 389
1234
2674
 907
 887
2361
3345
2003
2743
1884
3820
2184
4908
2970
 950
 835
3540
2460
3258
4315
4568
3346
4832
 489
 984
 797
3863
3422
4210
  80
1154
2350
2604
2442
1249
 654
3152
 482
2972
1038
1844
4522
4384
2922
 808
2511
 592
2052
2312
 991
3440
1204
 503
1328
4186
3278
3458
3646
3879
4914
2307
3951
2896
3736
2385
1051
3323
 699
3869
2005
 342
2864
4592
1023
1164
3266
 218
 872
1695
1278
4101
3183
4277
 481
1163
2038
 952
1808
1243
3938
3457
1277
 327
2741
3814
1032
4038
 946
4889
1693
2757
1858
4193
2627
2257
2212
3194
 741
 655
4208
3827
 134
3158
4641
4660
3292
1499
3701
 932
3204
3837
 279
2660
 861
 525
2317
2915
2696
4295
 640
 173
4375
4586
2138
3340
2608
3190
2909
1109
3573
1804
2056
 433
2846
3280
3430
1376
1237
1360
2785
 339
2057
2004
1217
3781
4716
 495
 321
4037
3485
4156
3824
2146
4100
1673
  92
 663
4244
1632
  58
 627
4695
2963
2000
4354
1469
4452
1004
1096
3229
 230
2707
4888
 671
3200
2685
4326
4903
4652
2762
3909
3169
4260
2621
2669
 809
2561
4620
3499
1991
 623
 980
1746
1994
2928
3528
4968
1821
1422
4642
3267
1603
2983
2853
3119
1382
3417
3286
3959
4727
2426
1629
4014
4862
3929
2705
 208
2434
3060
3040
4841
3706
 913
3971
  73
2254
 941
2694
1627
 652
1836
4165
  79
   2
4933
2997
2338
2227
1561
3942
4618
3740
2988
 439
2975
3237
2177
3907
4028
 340
4182
4117
1468
4752
3957
2206
2663
1512
1013
 858
4964
3888
1374
2351
4153
 311
  69
4408
2496
4819
1842
 332
4042
3645
2769
2968
2499
3542
2839
1198
 251
4572
1410
 553
4713
4860
1211
 949
1684
 336
 201
3166
2066
3722
3175
3711
3821
 392
4824
4125
3010
1543
 479
4180
2747
 593
1572
 867
 390
 416
2973
1464
3657
2858
1498
1923
3224
3048
2536
3579
2783
2075
2807
3853
3794
3185
2238
 945
3037
3476
1396
2722
1916
4218
 118
 302
4650
4360
3045
 502
1451
4593
1935
 300
4345
1922
1893
3268
 598
 426
 719
4348
2931
2766
4763
 200
3772
 131
4090
4717
1659
 970
4622
3723
1978
4621
4845
2082
4406
2949
4365
2237
3924
4521
1105
1146
 283
3207
2155
2534
 582
2502
2567
 817
 357
 558
4051
 480
 397
4887
3495
2387
3376
1312
 559
1995
4799
2749
 115
3101
3552
4152
 770
3147
  42
1194
3697
4160
3232
3151
2235
2088
 139
 897
4612
1590
2961
4973
3517
1256
 865
2051
 637
4474
2425
4329
 938
2127
3016
3234
4220
4850
 176
 537
3202
3639
 848
2098
3192
1355
2147
3688
1936
4103
 657
1305
4807
3260
3908
 459
3414
1549
3448
2466
2343
2344
3546
1102
1636
3874
3138
 828
1111
 758
 886
1655
2623
1578
3356
1042
3362
2751
1387
4340
4495
4790
 838
 720
2248
4044
1608
1318
1378
 245
1680
4804
3392
2808
1949
2007
1630
3165
2910
4976
2394
2745
 377
4250
  48
 212
3186
4869
3144
1404
2036
4151
4023
 341
4256
2892
4364
4402
1056
 905
 709
3484
 792
 626
3041
3137
2371
4765
1272
3681
4689
4453
4047
3716
3506
  19
 260
3560
2414
4858
 795
3633
1002
1327
 703
 985
1508
1729
3007
 901
3288
 725
2942
 852
4703
1254
4245
4273
4549
3123
2570
4134
3464
4827
2524
3056
2424
2131
1700
1825
4852
 364
1661
4435
4005
 608
3811
2736
3407
2345
4543
3898
1643
4358
3424
4876
 395
1960
3668
1976
 344
3900
 122
 633
2535
1649
 135
1902
3956
 419
2581
3700
 223
 567
4095
2316
2114
2904
1293
3135
4646
2987
3928
2445
1166
1476
4579
1283
 128
4972
3363
3892
4509
2504
4898
4678
2732
3289
3545
2454
1666
2519
 388
2994
3578
3718
4600
3172
3591
4750
1232
2735
 409
3087
4775
1191
1876
4034
2024
4747
 319
  41
1413
 297
4699
3872
4467
4570
 775
1663
3559
  84
4269
2189
 530
1472
3935
3790
4094
  90
1400
1800
1886
3236
 826
3958
2291
2443
3836
2658
1641
4753
3241
 996
4061
4905
1250
4372
2926
3105
3737
4597
 827
2001
4879
3027
3580
 774
 294
2584
 326
 675
3965
 767
 976
4817
 378
3815
2965
4363
 638
3778
2850
1725
3333
 155
4630
4058
2675
3089
1235
3648
  16
 106
 574
 522
2152
3539
4234
2730
4123
3884
4754
4119
2480
 358
1785
 170
1330
2668
  83
1568
1612
2856
3870
4512
 849
2645
2636
1504
2577
2503
2843
2299
4133
2753
1975
1845
4748
  75
1553
3809
 362
1571
3797
3021
3154
1509
3604
2320
3622
3357
4350
 611
4359
4444
 261
 267
1003
4266
 391
1694
1208
4786
3828
1664
1577
3918
 857
  85
1046
4229
 596
 113
4537
4590
4478
3530
 237
2412
2401
2693
4081
 429
1463
 961
2587
1805
4254
4504
   5
4382
 448
2767
1763
2256
3012
3856
 443
3553
 882
1589
 777
4800
2592
1303
 247
4141
2934
4377
4366
1041
1961
4635
2625
 753
4729
2885
1028
3233
3598
2190
 543
 751
4728
1078
4001
1873
1760
2247
3930
1894
 161
3335
2906
3196
4115
4946
4262
3284
3380
1847
  77
  56
2243
2776
1218
4332
4030
3652
 552
3450
3745
1879
 761
4940
4285
2618
1112
1130
2054
 594
1766
4233
2203
4015
1245
3188
4563
2626
3095
 999
1280
2323
  13
2815
 331
4181
1685
3371
4248
1412
 895
 972
2665
1082
2862
1583
2046
 430
4698
2711
3776
 188
2880
3182
4129
1530
 692
4525
4107
4595
 734
1062
4662
4494
2803
4003
1427
4913
3977
4693
2430
1559
4309
1770
4064
2775
3305
4238
1275
3347
1391
 561
4201
2579
 740
3256
3682
2276
1314
1005
4127
4668
4150
3660
4143
 583
4835
3914
1063
4777
1532
 679
2964
3061
3862
4296
4290
3143
4487
2234
1192
3389
4264
1540
 694
3796
4167
2829
3295
1818
 839
2573
1726
2253
4981
 746
2845
3975
 990
3995
3983
3523
1199
3655
 755
4072
1747
1753
3326
 177
2144
1470
1094
1224
 178
4204
4632
1093
1516
3421
4135
1307
1273
1565
4771
1458
2224
1121
2541
2729
2715
3513
3228
 681
1609
3080
4120
3518
 371
3556
 318
3353
4963
3843
3044
3381
1439
2527
3039
1117
1709
3594
3751
2557
2039
 673
2640
 246
2855
1651
1728
3344
2059
 737
 372
3090
2267
2062
3294
1435
 334
2209
 610
  81
4867
4823
2659
3992
 265
1010
4866
4410
 335
3442
3447
 962
1822
 216
 555
 322
4640
1313
4978
1296
 569
4113
1394
1745
2681
2763
1587
2159
4761
3033
1310
 333
1910
2874
4045
2161
4950
1870
2268
4341
2773
3113
3631
3950
2648
4700
2560
3091
4252
4258
3426
3876
3777
3769
 478
 864
 958
2311
4760
4838
3115
3952
1829
 602
2617
4283
3636
3083
3444
3669
1595
4774
 712
1637
 425
4962
4057
3296
4556
1446
4376
1489
  43
1044
1262
4830
2631
4732
4931
4527
3584
4768
3670
4294
1500
 141
3558
2687
3883
1161
4681
 228
2513
4857
1631
 140
1802
4683
4347
1465
4923
2948
2992
4385
3328
1519
2223
3597
 236
1358
1132
2580
 863
 217
1735
1251
 268
1828
 947
2154
4530
 132
4464
 715
3733
4155
3387
  98
2890
1099
2610
1598
4040
3897
4187
4247
1073
2950
 779
2061
 696
1300
2841
 885
3299
1973
2873
 650
1533
1362
1989
 447
1676
1247
 158